4
319
215
586
421
300
379
888
109
188
344
368
739
805
28
512
44
589
420
267
714
384
327
704
188
100
20
384
744
563
91
845
364
809
613
391
180
998
40
699
851
670
796
655
718
593
773
918
349
694
684
719
346
174
747
543
856
353
653
209
628
422
967
711
70
747
546
910
720
378
366
781
435
95
9
672
269
533
353
274
98
956
348
630
954
413
91
771
444
11
205
322
597
547
769
443
892
40
540
426
147
121
612
578
625
868
575
522
619
209
375
329
32
488
489
106
824
721
167
393
572
376
591
406
118
114
534
914
754
243
960
740
541
144
26
544
739
496
361
371
519
523
112
208
246
150
843
98
20
875
499
719
680
107
439
281
299
659
458
292
469
897
730
152
677
144
313
203
766
874
727
902
932
771
377
356
173
444
171
314
264
855
975
811
804
480
148
527
355
692
421
351
483
271
198
49
961
620
196
432
596 